00070993 2 
00090960 2 
00159253 2 
00190415 1 
00431620 3 
00525849 4 
00758688 3 
01110131 1 
01277361 3 
01294892 4 
01327800 4 
01508594 3 
01699689 3 
02170343 3 
02365411 4 
02617637 1 
02720422 3 
02785957 2 
02880023 1 
03136184 4 
03374488 2 
03872352 1 
03904525 2 
03929738 2 
03930451 1 
03967909 3 
04054695 2 
04150722 4 
04154248 3 
04156573 2 
04160396 1 
04196999 2 
04245741 2 
04875633 3 
04881003 3 
04881647 2 
04896314 1 
04917901 3 
04917901 3 
07998836 3 
08149829 3 
13173262 4 
13195865 3 
13198521 2 
13202169 3 
13212676 2 
13213503 2 
13244170 3 
13292381 2 
