07998836 1 A 19 20 1
07998836 1 B 21 21 1
07998836 1 D 2 2 1
07998836 1 E 64 69 1
07998836 1 F 65 68 1
07998836 1 G 64 68 1
07998836 1 H 64 70 1
07998836 1 I 65 69 1
07998836 1 J 64 68 1
04917901 1 A 14 17 2
04917901 1 B 14 17 2
04917901 1 D 6 9 2
04917901 1 E 49 62 2
04917901 1 F 45 58 2
04917901 1 G 44 58 2
04917901 1 H 46 59 2
04917901 1 I 46 59 2
04917901 1 J 46 59 2
04896314 1 A 3 6 2
04896314 1 B 4 8 2
04896314 1 C 7 9 2
04896314 1 E 14 26 2
04896314 1 F 17 29 2
04896314 1 G 14 28 2
04896314 1 H 13 25 2
04896314 1 I 13 25 2
04896314 1 J 12 23 2
04881647 1 A 2 5 2
04881647 1 B 4 8 2
04881647 1 C 3 5 2
04881647 1 E 11 29 2
04881647 1 F 11 29 2
04881647 1 G 11 29 2
04881647 1 H 11 29 2
04881647 1 I 11 29 2
04881647 1 J 15 33 2
04881003 1 A 7 9 2
04881003 1 B 11 14 2
04881003 1 C 4 4 2
04881003 1 E 43 53 2
04881003 1 F 51 61 2
04881003 1 G 51 61 2
04881003 1 H 46 57 2
04881003 1 I 34 44 2
04881003 1 J 36 46 2
04875633 1 A 12 13 2
04875633 1 B 12 13 2
04875633 1 C 1 1 2
04875633 1 E 41 45 2
04875633 1 F 40 45 2
04875633 1 G 40 46 2
04875633 1 H 40 45 2
04875633 1 I 40 45 2
04875633 1 J 40 45 2
04196999 1 A 11 13 2
04196999 1 B 11 13 2
04196999 1 C 1 1 2
04196999 1 E 43 51 2
04196999 1 F 43 51 2
04196999 1 G 43 51 2
04196999 1 H 42 49 2
04196999 1 I 42 48 2
04196999 1 J 43 49 2
04160396 1 A 7 8 2
04160396 1 B 7 8 2
04160396 1 E 19 31 2
04160396 1 F 21 30 2
04160396 1 G 18 33 2
04160396 1 H 18 31 2
04160396 1 I 18 31 2
04160396 1 J 18 33 2
04156573 1 A 7 13 3
04156573 1 B 7 13 3
04156573 1 E 35 52 3
04156573 1 F 35 53 3
04156573 1 G 35 53 3
04156573 1 H 35 53 3
04156573 1 I 33 53 3
04156573 1 J 33 53 3
04154248 1 A 3 8 2
04154248 1 B 3 8 2
04154248 1 E 8 25 2
04154248 1 F 10 25 2
04154248 1 G 7 27 2
04154248 1 H 7 25 2
04154248 1 I 7 26 2
04154248 1 J 7 28 2
04154248 2 A 9 10 3
04154248 2 B 9 10 3
04154248 2 E 26 35 3
04154248 2 F 26 34 3
04154248 2 G 26 35 3
04154248 2 H 27 35 3
04154248 2 I 28 34 3
04154248 2 J 30 38 3
04150722 1 A 8 10 1
04150722 1 B 8 10 1
04150722 1 E 24 33 1
04150722 1 F 25 34 1
04150722 1 G 24 33 1
04150722 1 H 24 32 1
04150722 1 I 24 32 1
04150722 1 J 22 31 1
04054695 1 A 10 13 3
04054695 1 B 9 13 3
04054695 1 E 37 51 3
04054695 1 G 37 53 3
04054695 1 H 38 51 3
04054695 1 I 38 50 3
03929738 1 A 11 12 2
03929738 1 B 11 12 2
03929738 1 C 1 2 2
03929738 1 E 39 46 2
03929738 1 F 39 46 2
03929738 1 G 39 46 2
03929738 1 H 40 46 2
03929738 1 I 39 45 2
03929738 1 J 40 47 2
03929738 2 A 11 12 2
03929738 2 B 11 12 2
03929738 2 C 2 2 2
03929738 2 E 39 44 2
03929738 2 F 39 44 2
03929738 2 G 38 44 2
03929738 2 H 40 44 2
03929738 2 I 40 44 2
03929738 2 J 40 44 2
03904525 1 A 5 7 2
03904525 1 B 5 7 2
03904525 1 C 5 7 2
03904525 1 E 23 30 2
03904525 1 F 23 30 2
03904525 1 G 23 29 2
03904525 1 H 24 29 2
03904525 1 I 23 29 2
03904525 1 J 23 29 2
03872352 1 A 17 18 2
03872352 1 B 17 18 2
03872352 1 D 6 7 2
03872352 1 E 61 65 2
03872352 1 F 61 65 2
03872352 1 G 60 65 2
03872352 1 H 61 65 2
03872352 1 I 61 65 2
03872352 1 J 61 65 2
03374488 1 A 6 8 2
03374488 1 B 6 8 2
03374488 1 C 6 7 2
03374488 1 E 22 29 2
03374488 1 F 22 31 2
03374488 1 G 20 32 2
03374488 1 H 21 29 2
03374488 1 I 20 28 2
03374488 1 J 20 28 2
03374488 2 A 11 12 2
03374488 2 B 11 12 2
03374488 2 C 2 2 2
03374488 2 E 34 41 2
03374488 2 F 39 43 2
03374488 2 G 37 43 2
03374488 2 H 33 39 2
03374488 2 I 34 40 2
03374488 2 J 32 39 2
03136184 1 A 7 8 1
03136184 1 B 7 8 1
03136184 1 C 7 8 1
03136184 1 E 24 31 1
03136184 1 F 24 31 1
03136184 1 G 23 32 1
03136184 1 H 20 28 1
03136184 1 I 22 29 1
03136184 1 J 19 26 1
02880023 1 A 17 19 3
02880023 1 B 17 19 3
02880023 1 E 58 65 3
02880023 1 F 58 65 3
02880023 1 G 58 67 3
02880023 1 H 57 65 3
02880023 1 I 56 64 3
02880023 1 J 58 65 3
02720422 1 A 5 8 2
02720422 1 B 5 8 2
02720422 1 E 17 29 2
02720422 1 F 17 29 2
02720422 1 G 16 27 2
02720422 1 H 16 26 2
02720422 1 I 15 25 2
02720422 1 J 14 24 2
02720422 2 A 5 7 2
02720422 2 B 5 8 2
02720422 2 E 18 29 2
02720422 2 F 16 28 2
02720422 2 G 17 28 2
02720422 2 H 17 27 2
02720422 2 I 16 25 2
02720422 2 J 16 25 2
02720422 3 A 8 10 2
02720422 3 B 8 10 2
02720422 3 E 29 37 2
02720422 3 F 27 35 2
02720422 3 G 28 35 2
02720422 3 H 27 35 2
02720422 3 I 26 34 2
02720422 3 J 28 33 2
02617637 1 A 15 21 2
02617637 1 B 15 21 2
02617637 1 E 54 71 2
02617637 1 F 55 70 2
02617637 1 G 52 69 2
02617637 1 H 53 70 2
02617637 1 I 52 71 2
02617637 1 J 52 71 2
02170343 1 A 9 16 1
02170343 1 B 9 16 1
02170343 1 E 35 59 1
02170343 1 F 37 58 1
02170343 1 G 37 58 1
02170343 1 H 37 58 1
02170343 1 I 36 58 1
02170343 1 J 37 59 1
01699689 1 A 8 13 2
01699689 1 B 9 14 2
01699689 1 E 32 51 2
01699689 1 F 31 50 2
01699689 1 G 30 52 2
01699689 1 H 32 51 2
01699689 1 I 29 48 2
01699689 1 J 35 52 2
01294892 1 A 7 11 1
01294892 1 B 7 9 1
01294892 1 C 2 5 1
01294892 1 E 25 30 1
01294892 1 F 25 30 1
01294892 1 G 25 35 1
01294892 1 H 25 32 1
01294892 1 I 25 32 1
01294892 1 J 25 32 1
00159253 1 A 11 15 2
00159253 1 B 12 16 2
00159253 1 E 39 51 2
00159253 1 F 40 52 2
00159253 1 G 38 51 2
00159253 1 H 37 50 2
00159253 1 I 39 50 2
00159253 1 J 34 49 2
01277361 1 A 6 8 2
01277361 1 B 7 9 2
01277361 1 C 5 6 2
01277361 1 E 29 35 2
01277361 1 F 29 33 2
01277361 1 G 27 34 2
01277361 1 H 27 34 2
01277361 1 I 25 33 2
01277361 1 J 27 34 2
00190415 1 A 5 8 3
00190415 1 B 6 8 3
00190415 1 E 16 27 3
00190415 1 F 14 26 3
00190415 1 G 14 27 3
00190415 1 H 15 25 3
00190415 1 I 14 24 3
00190415 1 J 14 24 3
00190415 2 A 6 9 3
00190415 2 B 7 9 3
00190415 2 E 21 27 3
00190415 2 F 18 29 3
00190415 2 G 18 29 3
00190415 2 H 21 28 3
00190415 2 I 21 28 3
00190415 2 J 23 28 3
00190415 3 A 8 9 3
00190415 3 B 8 9 3
00190415 3 E 25 30 3
00190415 3 F 23 31 3
00190415 3 G 22 31 3
00190415 3 H 24 29 3
00190415 3 I 25 30 3
00190415 3 J 25 30 3
00431620 1 A 9 17 2
00431620 1 B 7 16 2
00431620 1 E 31 66 2
00431620 1 F 31 66 2
00431620 1 G 31 66 2
00431620 1 H 31 66 2
00431620 1 I 30 66 2
00431620 1 J 29 64 2
00758688 1 A 4 8 2
00758688 1 B 4 7 2
00758688 1 E 13 28 2
00758688 1 F 13 28 2
00758688 1 G 13 29 2
00758688 1 H 13 28 2
00758688 1 I 12 27 2
00758688 1 J 13 26 2
00026569 1 A 9 11 2
00026569 1 B 9 11 2
00026569 1 E 39 49 2
00026569 1 G 36 46 2
00026569 1 H 38 48 2
00026569 1 I 37 47 2
00035016 1 A 4 6 2
00035016 1 B 7 9 2
00035016 1 E 37 42 2
00035016 1 G 35 39 2
00035016 1 H 32 39 2
00035016 1 I 38 43 2
00075466 1 A 14 15 3
00075466 1 B 12 13 3
00075466 1 E 53 58 3
00075466 1 G 55 62 3
00075466 1 H 53 57 3
00075466 1 I 53 58 3
00462217 1 A 3 4 2
00462217 1 B 5 5 2
00462217 1 E 17 19 2
00462217 1 G 27 32 2
00462217 1 H 27 32 2
00462217 1 I 16 20 2
00714421 1 A 11 12 2
00714421 1 B 13 13 2
00714421 1 E 45 45 2
00714421 1 G 41 45 2
00714421 1 H 41 45 2
00714421 1 I 44 47 2
00784091 1 A 7 17 3
00784091 1 B 10 19 3
00784091 1 E 30 72 3
00784091 1 G 24 66 3
00784091 1 H 16 54 3
00784091 1 I 16 54 3
00784091 1 J 10 49 3
01105971 1 A 7 8 2
01105971 1 B 9 10 2
01105971 1 E 37 42 2
01105971 1 G 37 44 2
01105971 1 H 36 42 2
01105971 1 I 37 43 2
01126734 1 A 6 6 2
01126734 1 B 8 8 2
01126734 1 E 27 29 2
01126734 1 G 21 27 2
01126734 1 H 23 27 2
01126734 1 I 24 29 2
01278381 1 A 6 8 2
01278381 1 B 7 10 2
01278381 1 E 40 45 2
01278381 1 G 30 42 2
01278381 1 H 30 40 2
01278381 1 I 27 37 2
01470390 1 A 12 16 2
01470390 1 B 12 15 2
01470390 1 E 56 72 2
01470390 1 G 57 74 2
01470390 1 H 55 73 2
01470390 1 I 55 73 2
03090264 1 A 5 6 2
03090264 1 B 6 7 2
03090264 1 E 20 26 2
03090264 1 G 20 26 2
03090264 1 H 16 23 2
03090264 1 I 18 23 2
03090264 2 A 7 8 2
03090264 2 B 7 8 2
03090264 2 E 29 34 2
03090264 2 G 28 34 2
03090264 2 H 23 30 2
03090264 2 I 24 31 2
03155677 1 A 12 13 3
03155677 1 B 12 13 3
03155677 1 E 50 53 3
03155677 1 G 47 53 3
03155677 1 H 46 50 3
03155677 1 I 47 50 3
03164806 1 A 13 15 2
03164806 1 B 13 14 2
03164806 1 E 59 62 2
03164806 1 G 55 62 2
03164806 1 H 54 62 2
03164806 1 I 55 63 2
03269600 1 A 14 17 2
03269600 1 B 13 16 2
03269600 1 E 23 26 2
03269600 1 G 16 29 2
03269600 1 H 16 30 2
03269600 1 I 16 30 2
03473764 1 A 15 19 2
03473764 1 B 16 18 2
03473764 1 E 65 80 2
03473764 1 G 65 80 2
03473764 1 H 66 82 2
03473764 1 I 65 82 2
03593367 1 A 7 17 2
03593367 1 B 7 17 2
03593367 1 E 31 76 2
03593367 1 G 31 77 2
03593367 1 H 31 78 2
03593367 1 I 31 78 2
03735926 1 A 7 9 2
03735926 1 B 6 8 2
03735926 1 E 29 35 2
03735926 1 G 28 35 2
03735926 1 H 28 36 2
03735926 1 I 28 36 2
03793144 1 A 3 6 1
03793144 1 B 3 5 1
03793144 1 E 21 28 1
03793144 1 G 21 32 1
03793144 1 H 19 30 1
03793144 1 I 16 27 1
03819634 1 A 10 14 2
03819634 1 B 10 13 2
03819634 1 E 36 51 2
03819634 1 G 35 51 2
03819634 1 H 34 51 2
03819634 1 I 35 50 2
04054695 1 A 10 13 3
04054695 1 B 9 12 3
04054695 1 E 39 49 3
04054695 1 G 42 53 3
04054695 1 H 38 50 3
04054695 1 I 38 50 3
00582685 1 A 10 13 2
00582685 1 B 10 13 2
00582685 1 E 44 59 2
00582685 1 G 44 59 2
00582685 1 H 44 59 2
00582685 1 I 49 63 2
01508594 1 A 3 4 2
01508594 1 B 6 7 2
01508594 1 C 6 8 2
01508594 1 E 30 37 2
01508594 1 F 25 31 2
01508594 1 G 21 29 2
01508594 1 H 27 35 2
01508594 1 I 25 33 2
01508594 1 J 28 36 2
00070993 1 A 6 10 2
00070993 1 B 4 9 2
00070993 1 C 4 9 2
00070993 1 E 19 37 2
00070993 1 F 20 38 2
00070993 1 G 21 37 2
00070993 1 H 21 39 2
00070993 1 I 20 39 2
00070993 1 J 19 39 2
03930451 1 A 7 18 3
03930451 1 B 12 23 3
03930451 1 D 3 12 3
03930451 1 E 33 71 3
03930451 1 F 21 59 3
03930451 1 G 19 62 3
03930451 1 H 26 64 3
03930451 1 I 26 63 3
03930451 1 J 33 70 3
13173262 1 A 6 12 2
13173262 1 B 21 41 2
13173262 1 C 7 12 2
13173262 1 E 20 41 2
13173262 1 F 22 47 2
13173262 1 G 22 46 2
13173262 1 H 17 42 2
13173262 1 I 19 44 2
13173262 1 J 17 42 2
13195865 1 A 6 7 2
13195865 1 B 6 7 2
13195865 1 C 7 8 2
13195865 1 E 23 31 2
13195865 1 F 23 31 2
13195865 1 G 22 30 2
13195865 1 H 22 30 2
13195865 1 I 21 29 2
13195865 1 J 21 28 2
08149829 1 A 2 8 2
08149829 1 B 2 8 2
08149829 1 C 5 11 2
08149829 1 E 9 30 2
08149829 1 F 8 30 2
08149829 1 G 8 29 2
08149829 1 H 8 30 2
08149829 1 I 10 31 2
08149829 1 J 9 30 2
13213503 1 A 5 10 3
13213503 1 B 6 11 3
13213503 1 E 23 38 3
13213503 1 F 22 38 3
13213503 1 G 22 38 3
13213503 1 H 22 39 3
13213503 1 I 22 39 3
13213503 1 J 20 39 3
00090960 1 A 5 5 2
00090960 1 B 5 6 2
00090960 1 C 6 6 2
00090960 1 E 20 24 2
00090960 1 F 18 22 2
00090960 1 G 18 23 2
00090960 1 H 22 26 2
00090960 1 I 19 23 2
00090960 1 J 17 21 2
13212676 1 A 3 7 2
13212676 1 B 1 6 2
13212676 1 C 7 10 2
13212676 1 E 10 24 2
13212676 1 F 12 28 2
13212676 1 G 12 29 2
13212676 1 H 7 24 2
13212676 1 I 8 24 2
13212676 1 J 8 25 2
02365411 1 A 8 9 1
02365411 1 B 8 9 1
02365411 1 C 3 4 1
02365411 1 E 27 33 1
02365411 1 F 29 36 1
02365411 1 G 26 35 1
02365411 1 H 28 34 1
02365411 1 I 26 32 1
02365411 1 J 26 32 1
13198521 1 A 7 12 2
13198521 1 B 7 12 2
13198521 1 C 2 7 2
13198521 1 E 25 44 2
13198521 1 F 26 45 2
13198521 1 G 24 45 2
13198521 1 H 24 45 2
13198521 1 I 23 44 2
13198521 1 J 22 44 2
13202169 1 A 10 12 2
13202169 1 B 40 51 2
13202169 1 C 10 12 2
13202169 1 E 37 47 2
13202169 1 F 37 48 2
13202169 1 G 38 49 2
13202169 1 H 36 47 2
13202169 1 I 34 47 2
13202169 1 J 34 47 2
13244170 1 A 9 11 2
13244170 1 B 38 42 2
13244170 1 C 10 10 2
13244170 1 E 33 43 2
13244170 1 F 32 41 2
13244170 1 G 32 42 2
13244170 1 H 28 37 2
13244170 1 I 28 36 2
13244170 1 J 29 37 2
00525849 1 A 9 9 2
00525849 1 B 10 10 2
00525849 1 C 9 9 2
00525849 1 E 37 39 2
00525849 1 F 34 37 2
00525849 1 G 34 39 2
00525849 1 H 33 36 2
00525849 1 I 33 37 2
00525849 1 J 33 38 2
01327800 1 A 10 13 1
01327800 1 B 12 14 1
01327800 1 C 11 13 1
01327800 1 E 35 46 1
01327800 1 F 35 47 1
01327800 1 G 35 50 1
01327800 1 H 39 47 1
01327800 1 I 35 46 1
01327800 1 J 35 47 1
01327800 2 A 10 11 1
01327800 2 B 11 12 1
01327800 2 C 13 13 1
01327800 2 E 33 39 1
01327800 2 F 34 40 1
01327800 2 G 32 41 1
01327800 2 H 34 41 1
01327800 2 I 34 40 1
01327800 2 J 34 41 1
01327800 3 A 13 15 1
01327800 3 B 14 16 1
01327800 3 C 13 15 1
01327800 3 E 46 56 1
01327800 3 F 46 56 1
01327800 3 G 45 57 1
01327800 3 H 47 58 1
01327800 3 I 46 57 1
01327800 3 J 47 58 1
04245741 1 A 4 7 2
04245741 1 B 4 7 2
04245741 1 C 5 7 2
04245741 1 E 16 29 2
04245741 1 F 17 31 2
04245741 1 G 17 32 2
04245741 1 H 16 32 2
04245741 1 I 16 32 2
04245741 1 J 13 29 2
01110131 1 A 15 16 3
01110131 1 B 16 17 3
01110131 1 D 7 8 3
01110131 1 E 54 61 3
01110131 1 F 55 61 3
01110131 1 G 52 59 3
01110131 1 H 53 59 3
01110131 1 I 53 59 3
01110131 1 J 53 59 3
13292381 1 A 4 6 2
13292381 1 B 5 7 2
13292381 1 C 6 7 2
13292381 1 E 14 23 2
13292381 1 F 14 22 2
13292381 1 G 11 25 2
13292381 1 H 12 24 2
13292381 1 I 14 25 2
13292381 1 J 15 26 2
03967909 1 A 3 8 2
03967909 1 B 4 9 2
03967909 1 C 5 7 2
03967909 1 E 11 30 2
03967909 1 F 12 30 2
03967909 1 G 12 31 2
03967909 1 H 13 33 2
03967909 1 I 11 32 2
03967909 1 J 10 31 2
