00070993 1 A 8 546 1093 6.0mm 62 67 4154 [223 176 284 242] [6 10] 2
00070993 1 B 7 616 1232 6.0mm 63 67 4221 [228 178 290 244] [4 9] 2
00070993 1 C 6 1680 2267 6.0mm 63 66 4158 [229 180 291 245] [4 9] 2
00070993 1 E 29 384 624 4.2mm 62 66 4092 [219 185 280 250] [19 37] 2
00070993 1 F 29 417 679 4.2mm 64 66 4224 [221 184 284 249] [20 38] 2
00070993 1 G 29 590 800 4.2mm 64 68 4352 [221 183 284 250] [21 37] 2
00070993 1 H 30 887 1423 4.2mm 63 66 4158 [221 184 283 249] [21 39] 2
00070993 1 I 31 930 1390 4.2mm 63 66 4158 [221 184 283 249] [20 39] 2
00070993 1 J 30 840 1427 4.2mm 63 66 4158 [221 184 283 249] [19 39] 2
00090960 1 A 5 793 1837 6.0mm 34 46 1564 [191 139 224 184] [5 5] 2
00090960 1 B 5 1047 2061 6.0mm 34 46 1564 [190 139 223 184] [5 6] 2
00090960 1 C 6 2159 5565 6.0mm 34 46 1564 [190 139 223 184] [6 6] 2
00090960 1 E 22 515 1028 4.4mm 32 43 1376 [177 141 208 183] [20 24] 2
00090960 1 F 21 618 1425 4.4mm 32 42 1344 [177 141 208 182] [18 22] 2
00090960 1 G 21 952 1757 4.4mm 32 42 1344 [177 141 208 182] [18 23] 2
00090960 1 H 24 1792 3289 4.4mm 32 43 1376 [177 141 208 183] [22 26] 2
00090960 1 I 21 911 2114 4.4mm 32 43 1376 [177 141 208 183] [19 23] 2
00090960 1 J 19 1071 2579 4.4mm 32 42 1344 [177 141 208 182] [17 21] 2
00159253 1 A 13 661 1323 6.0mm 58 58 3364 [231 149 288 206] [11 15] 2
00159253 1 B 14 1066 2033 6.0mm 58 58 3364 [230 147 287 204] [12 16] 2
00159253 1 E 44 563 1127 4.4mm 58 59 3422 [237 142 294 200] [39 51] 2
00159253 1 F 46 563 1127 4.4mm 58 58 3364 [237 142 294 199] [40 52] 2
00159253 1 G 44 563 1127 4.4mm 57 58 3306 [238 142 294 199] [38 51] 2
00159253 1 H 44 563 1127 4.4mm 58 56 3248 [240 143 297 198] [37 50] 2
00159253 1 I 44 563 1127 4.4mm 57 58 3306 [238 142 294 199] [39 50] 2
00159253 1 J 44 617 1222 4.4mm 57 59 3363 [238 142 294 200] [34 49] 2
00190415 1 A 7 703 1407 6.0mm 45 70 3150 [257 167 301 236] [5 8] 3
00190415 1 B 8 957 1984 6.0mm 46 60 2760 [255 178 300 237] [6 8] 3
00190415 1 E 22 1064 2272 4.4mm 43 67 2881 [249 171 291 237] [16 27] 3
00190415 1 F 22 1064 2272 4.4mm 42 66 2772 [247 169 288 234] [14 26] 3
00190415 1 G 22 1064 2272 4.4mm 42 65 2730 [247 170 288 234] [14 27] 3
00190415 1 H 22 1081 2014 4.4mm 43 67 2881 [247 171 289 237] [15 25] 3
00190415 1 I 21 1064 2272 4.4mm 42 65 2730 [247 170 288 234] [14 24] 3
00190415 1 J 22 870 1874 4.4mm 41 65 2665 [247 170 287 234] [14 24] 3
00190415 2 A 8 703 1407 6.0mm 41 48 1968 [214 182 254 229] [6 9] 3
00190415 2 B 8 981 1962 6.0mm 36 45 1620 [218 183 253 227] [7 9] 3
00190415 2 E 25 1053 2241 4.4mm 36 44 1584 [206 185 241 228] [21 27] 3
00190415 2 F 25 1064 2272 4.4mm 36 43 1548 [205 186 240 228] [18 29] 3
00190415 2 G 25 1064 2272 4.4mm 35 43 1505 [206 186 240 228] [18 29] 3
00190415 2 H 25 1064 2272 4.4mm 35 42 1470 [206 186 240 227] [21 28] 3
00190415 2 I 24 1064 2272 4.4mm 35 42 1470 [206 186 240 227] [21 28] 3
00190415 2 J 25 870 1874 4.4mm 35 42 1470 [206 186 240 227] [23 28] 3
00190415 3 A 9 703 1407 6.0mm 23 25 575 [281 142 303 166] [8 9] 3
00190415 3 B 9 964 1798 6.0mm 21 24 504 [285 141 305 164] [8 9] 3
00190415 3 E 27 1064 2272 4.4mm 21 24 504 [270 145 290 168] [25 30] 3
00190415 3 F 27 1064 2272 4.4mm 21 23 483 [270 145 290 167] [23 31] 3
00190415 3 G 27 1064 2272 4.4mm 21 22 462 [270 146 290 167] [22 31] 3
00190415 3 H 27 1081 2014 4.4mm 20 22 440 [270 146 289 167] [24 29] 3
00190415 3 I 27 1064 2272 4.4mm 20 22 440 [270 146 289 167] [25 30] 3
00190415 3 J 27 871 1874 4.4mm 20 23 460 [267 144 286 166] [25 30] 3
00431620 1 A 15 534 1069 7.0mm 104 109 11336 [245 64 348 172] [9 17] 2
00431620 1 B 14 622 1245 7.0mm 103 109 11227 [246 65 348 173] [7 16] 2
00431620 1 E 54 341 726 4.4mm 95 103 9785 [240 80 334 182] [31 66] 2
00431620 1 F 54 388 843 4.4mm 97 103 9991 [240 80 336 182] [31 66] 2
00431620 1 G 54 724 2132 4.4mm 96 103 9888 [240 80 335 182] [31 66] 2
00431620 1 H 54 893 1763 4.4mm 97 104 10088 [240 79 336 182] [31 66] 2
00431620 1 I 54 873 1791 4.4mm 97 104 10088 [240 79 336 182] [30 66] 2
00431620 1 J 54 678 1570 4.4mm 96 103 9888 [240 80 335 182] [29 64] 2
00525849 1 A 9 789 1579 6.0mm 31 27 837 [153 216 183 242] [9 9] 2
00525849 1 B 10 1620 3259 7.2mm 30 26 780 [153 216 182 241] [10 10] 2
00525849 1 C 9 1486 2530 6.0mm 29 26 754 [154 216 182 241] [9 9] 2
00525849 1 E 38 954 1884 4.0mm 30 26 780 [154 220 183 245] [37 39] 2
00525849 1 F 36 938 1103 4.0mm 30 26 780 [147 221 176 246] [34 37] 2
00525849 1 G 36 1122 1485 4.0mm 30 27 810 [154 219 183 245] [34 39] 2
00525849 1 H 34 1502 3123 4.0mm 29 26 754 [151 213 179 238] [33 36] 2
00525849 1 I 34 1246 1895 4.0mm 30 25 750 [152 217 181 241] [33 37] 2
00525849 1 J 36 1311 1579 4.0mm 29 26 754 [154 220 182 245] [33 38] 2
00582685 1 A 12 383 784 10.0mm 54 56 3024 [264 104 317 159] [10 13] 2
00582685 1 B 12 758 1516 10.0mm 54 57 3078 [264 104 317 160] [10 13] 2
00582685 1 E 52 299 840 5.0mm 60 62 3720 [263 95 322 156] [44 59] 2
00582685 1 G NaN 352 988 5.0mm 60 63 3780 [263 95 322 157] [44 59] 2
00582685 1 H 53 590 1431 5.0mm 59 61 3599 [264 95 322 155] [44 59] 2
00582685 1 I 55 532 1274 5.0mm 60 61 3660 [263 96 322 156] [49 63] 2
00758688 1 A 6 569 1138 6.0mm 66 57 3762 [195 115 260 171] [4 8] 2
00758688 1 B 6 650 1300 6.0mm 65 56 3640 [196 114 260 169] [4 7] 2
00758688 1 E 20 488 948 4.4mm 63 55 3465 [171 130 233 184] [13 28] 2
00758688 1 F 20 469 766 4.4mm 62 55 3410 [172 130 233 184] [13 28] 2
00758688 1 G 20 890 2309 4.4mm 63 54 3402 [171 131 233 184] [13 29] 2
00758688 1 H 20 1184 2836 4.4mm 63 54 3402 [171 131 233 184] [13 28] 2
00758688 1 I 20 1017 2397 4.4mm 63 54 3402 [171 131 233 184] [12 27] 2
00758688 1 J 20 1028 1743 4.4mm 63 54 3402 [171 131 233 184] [13 26] 2
01110131 1 A 16 703 1466 6.0mm 33 32 1056 [250 105 282 136] [15 16] 3
01110131 1 B 17 869 1809 6.0mm 33 32 1056 [245 103 277 134] [16 17] 3
01110131 1 E 58 834 1771 4.4mm 31 30 930 [233 105 263 134] [54 61] 3
01110131 1 F 58 1463 2666 4.4mm 32 30 960 [231 107 262 136] [55 61] 3
01110131 1 G 56 1604 3319 4.4mm 31 29 899 [233 108 263 136] [52 59] 3
01110131 1 H 55 1514 2418 4.4mm 31 31 961 [234 107 264 137] [53 59] 3
01110131 1 I 56 1658 3135 4.4mm 30 30 900 [235 107 264 136] [53 59] 3
01110131 1 J 57 1561 3159 4.4mm 30 30 900 [231 105 260 134] [53 59] 3
01277361 1 A 8 810 1620 6.5mm 58 61 3538 [209 215 266 275] [6 8] 2
01277361 1 B 8 1030 2061 6.5mm 58 59 3422 [209 216 266 274] [7 9] 2
01277361 1 C 6 1969 4007 6.5mm 58 59 3422 [209 216 266 274] [5 6] 2
01277361 1 E 33 651 1303 4.4mm 58 61 3538 [193 209 250 269] [29 35] 2
01277361 1 F 31 651 1302 4.4mm 58 59 3422 [193 210 250 268] [29 33] 2
01277361 1 G 31 651 1302 4.4mm 58 60 3480 [193 210 250 269] [27 34] 2
01277361 1 H 31 813 1779 4.4mm 58 59 3422 [193 210 250 268] [27 34] 2
01277361 1 I 29 813 1779 4.4mm 58 59 3422 [193 210 250 268] [25 33] 2
01277361 1 J 33 614 1229 4.4mm 57 59 3363 [193 210 249 268] [27 34] 2
01294892 1 A 10 957 1914 7.0mm 34 68 2312 [197 201 230 268] [7 11] 1
01294892 1 B 8 878 1701 8.6mm 34 68 2312 [185 191 218 258] [7 9] 1
01294892 1 C 3 1300 2399 7.2mm 35 62 2170 [186 193 220 254] [2 5] 1
01294892 1 E 28 430 786 5.4mm 32 64 2048 [187 197 218 260] [25 30] 1
01294892 1 F 30 754 1508 5.4mm 34 66 2244 [183 187 216 252] [25 30] 1
01294892 1 G 31 1164 2327 5.4mm 34 66 2244 [186 204 219 269] [25 35] 1
01294892 1 H 28 1073 1981 5.4mm 33 65 2145 [186 204 218 268] [25 32] 1
01294892 1 I 28 1061 1525 5.4mm 33 65 2145 [186 204 218 268] [25 32] 1
01294892 1 J 28 1030 1522 5.4mm 33 65 2145 [191 202 223 266] [25 32] 1
01327800 1 A 11 1740 3565 6.6mm 37 39 1443 [297 127 333 165] [10 13] 1
01327800 1 B 13 1671 3349 7.2mm 38 39 1482 [307 130 344 168] [12 14] 1
01327800 1 C 12 1300 2400 6.6mm 36 37 1332 [297 127 332 163] [11 13] 1
01327800 1 E 40 1777 3082 4.4mm 39 41 1599 [307 129 345 169] [35 46] 1
01327800 1 F 42 1777 3082 4.4mm 39 41 1599 [307 129 345 169] [35 47] 1
01327800 1 G 40 1777 3082 4.4mm 39 40 1560 [307 129 345 168] [35 50] 1
01327800 1 H 42 1913 2872 4.4mm 38 39 1482 [307 130 344 168] [39 47] 1
01327800 1 I 41 2522 5019 4.4mm 38 39 1482 [307 130 344 168] [35 46] 1
01327800 1 J 41 3186 6221 4.4mm 38 40 1520 [307 129 344 168] [35 47] 1
01327800 2 A 10 1740 3565 6.6mm 33 34 1122 [337 137 369 170] [10 11] 1
01327800 2 B 12 1688 3291 7.2mm 35 33 1155 [349 141 383 173] [11 12] 1
01327800 2 C 13 1300 2400 6.6mm 32 33 1056 [345 143 376 175] [13 13] 1
01327800 2 E 36 1777 3082 4.4mm 35 35 1225 [349 140 383 174] [33 39] 1
01327800 2 F 38 1777 3082 4.4mm 35 35 1225 [349 140 383 174] [34 40] 1
01327800 2 G 36 1777 3082 4.4mm 35 35 1225 [349 140 383 174] [32 41] 1
01327800 2 H 38 1913 2872 4.4mm 34 33 1122 [349 141 382 173] [34 41] 1
01327800 2 I 37 2522 5019 4.4mm 35 33 1155 [349 141 383 173] [34 40] 1
01327800 2 J 37 3186 6221 4.4mm 35 34 1190 [349 141 383 174] [34 41] 1
01327800 3 A 14 1740 3565 6.6mm 41 43 1763 [329 165 369 207] [13 15] 1
01327800 3 B 16 1688 3291 7.2mm 42 44 1848 [341 169 382 212] [14 16] 1
01327800 3 C 14 1300 2400 6.6mm 39 42 1638 [323 164 361 205] [13 15] 1
01327800 3 E 50 1777 3082 4.4mm 42 47 1974 [339 166 380 212] [46 56] 1
01327800 3 F 52 1777 3082 4.4mm 43 46 1978 [339 165 381 210] [46 56] 1
01327800 3 G 50 1777 3082 4.4mm 43 45 1935 [340 169 382 213] [45 57] 1
01327800 3 H 52 1912 2794 4.4mm 42 44 1848 [341 169 382 212] [47 58] 1
01327800 3 I 51 2522 5019 4.4mm 43 45 1935 [340 169 382 213] [46 57] 1
01327800 3 J 51 3186 6221 4.4mm 43 45 1935 [340 169 382 213] [47 58] 1
01508594 1 A 4 793 1586 6.0mm 40 35 1400 [304 139 343 173] [3 4] 2
01508594 1 B 7 878 1758 6.0mm 39 31 1209 [287 132 325 162] [6 7] 2
01508594 1 C 6 1324 2435 6.0mm 39 31 1209 [288 135 326 165] [6 8] 2
01508594 1 E 34 493 987 4.4mm 38 31 1178 [291 146 328 176] [30 37] 2
01508594 1 F 30 493 986 4.4mm 38 32 1216 [295 149 332 180] [25 31] 2
01508594 1 G 27 807 1275 4.4mm 37 32 1184 [297 149 333 180] [21 29] 2
01508594 1 H 31 1119 2050 4.4mm 37 32 1184 [290 147 326 178] [27 35] 2
01508594 1 I 30 1099 2140 4.4mm 38 32 1216 [295 149 332 180] [25 33] 2
01508594 1 J 33 1018 1866 4.4mm 37 32 1184 [290 150 326 181] [28 36] 2
01699689 1 A 11 778 1727 6.0mm 66 87 5742 [139 112 204 198] [8 13] 2
01699689 1 B 12 390 1780 6.0mm 66 86 5676 [145 114 210 199] [9 14] 2
01699689 1 E 41 334 668 4.4mm 62 82 5084 [140 129 201 210] [32 51] 2
01699689 1 F 40 334 668 4.4mm 62 81 5022 [135 128 196 208] [31 50] 2
01699689 1 G 40 1241 2684 4.4mm 62 83 5146 [135 127 196 209] [30 52] 2
01699689 1 H 40 950 1851 4.4mm 62 81 5022 [135 128 196 208] [32 51] 2
01699689 1 I 39 734 1567 4.4mm 62 81 5022 [135 128 196 208] [29 48] 2
01699689 1 J 41 699 1397 4.4mm 62 83 5146 [135 134 196 216] [35 52] 2
02170343 1 A 13 629 1258 6.0mm 83 75 6225 [253 78 335 152] [9 16] 1
02170343 1 B 13 777 1567 6.0mm 82 75 6150 [253 78 334 152] [9 16] 1
02170343 1 E 47 315 629 4.4mm 77 71 5467 [248 81 324 151] [35 59] 1
02170343 1 F 47 1146 2291 4.4mm 79 72 5688 [247 81 325 152] [37 58] 1
02170343 1 G 47 1109 2231 4.4mm 79 72 5688 [247 81 325 152] [37 58] 1
02170343 1 H 47 970 1806 4.4mm 79 71 5609 [247 81 325 151] [37 58] 1
02170343 1 I 47 815 1467 4.4mm 78 71 5538 [248 81 325 151] [36 58] 1
02170343 1 J 47 707 1264 4.4mm 79 71 5609 [247 81 325 151] [37 59] 1
02365411 1 A 8 544 1089 6.0mm 39 34 1326 [318 115 356 148] [8 9] 1
02365411 1 B 8 1128 2256 6.0mm 38 34 1292 [315 112 352 145] [8 9] 1
02365411 1 C 3 1300 2400 6.0mm 38 34 1292 [315 112 352 145] [3 4] 1
02365411 1 E 29 669 1318 4.4mm 37 33 1221 [292 130 328 162] [27 33] 1
02365411 1 F 31 565 891 4.4mm 37 33 1221 [291 129 327 161] [29 36] 1
02365411 1 G 30 1229 2561 4.4mm 37 33 1221 [290 129 326 161] [26 35] 1
02365411 1 H 30 1198 2788 4.4mm 37 33 1221 [291 129 327 161] [28 34] 1
02365411 1 I 29 1121 2348 4.4mm 37 33 1221 [291 129 327 161] [26 32] 1
02365411 1 J 29 1140 2825 4.4mm 36 33 1188 [291 129 326 161] [26 32] 1
02617637 1 A 18 492 984 6.0mm 67 62 4154 [259 60 325 121] [15 21] 2
02617637 1 B 18 372 1745 6.0mm 66 62 4092 [259 60 324 121] [15 21] 2
02617637 1 E 62 359 748 4.4mm 62 59 3658 [247 61 308 119] [54 71] 2
02617637 1 F 62 973 2229 4.4mm 64 59 3776 [245 62 308 120] [55 70] 2
02617637 1 G 62 950 1945 4.4mm 64 60 3840 [246 60 309 119] [52 69] 2
02617637 1 H 62 909 1818 4.4mm 63 60 3780 [247 66 309 125] [53 70] 2
02617637 1 I 62 763 1526 4.4mm 63 60 3780 [250 64 312 123] [52 71] 2
02617637 1 J 62 778 1198 4.4mm 63 59 3717 [247 61 309 119] [52 71] 2
02720422 1 A 5 658 1553 6.0mm 46 66 3036 [219 219 264 284] [5 8] 2
02720422 1 B 6 853 1705 6.0mm 43 65 2795 [217 220 259 284] [5 8] 2
02720422 1 E 19 332 663 4.6mm 44 63 2772 [206 210 249 272] [17 29] 2
02720422 1 F 20 867 1734 4.6mm 44 64 2816 [206 209 249 272] [17 29] 2
02720422 1 G 20 1358 2862 4.6mm 45 64 2880 [205 209 249 272] [16 27] 2
02720422 1 H 20 910 1820 4.6mm 43 62 2666 [206 210 248 271] [16 26] 2
02720422 1 I 20 796 1591 4.6mm 43 62 2666 [206 210 248 271] [15 25] 2
02720422 1 J 20 665 1330 4.6mm 43 62 2666 [206 210 248 271] [14 24] 2
02720422 2 A 6 602 1204 6.0mm 54 65 3510 [165 229 218 293] [5 7] 2
02720422 2 B 6 829 1658 6.0mm 53 65 3445 [165 229 217 293] [5 8] 2
02720422 2 E 22 853 1717 4.6mm 52 64 3328 [151 219 202 282] [18 29] 2
02720422 2 F 22 874 1653 4.6mm 51 63 3213 [152 219 202 281] [16 28] 2
02720422 2 G 22 697 1365 4.6mm 50 63 3150 [152 219 201 281] [17 28] 2
02720422 2 H 22 941 1665 4.6mm 50 63 3150 [152 219 201 281] [17 27] 2
02720422 2 I 20 901 1561 4.6mm 50 63 3150 [152 219 201 281] [16 25] 2
02720422 2 J 20 822 1530 4.6mm 50 63 3150 [152 219 201 281] [16 25] 2
02720422 3 A 9 603 1204 6.0mm 50 50 2500 [141 249 190 298] [8 10] 2
02720422 3 B 9 829 1658 6.0mm 48 48 2304 [142 250 189 297] [8 10] 2
02720422 3 E 33 853 1718 4.6mm 47 48 2256 [129 239 175 286] [29 37] 2
02720422 3 F 31 874 1653 4.6mm 47 48 2256 [129 239 175 286] [27 35] 2
02720422 3 G 32 697 1365 4.6mm 47 48 2256 [129 239 175 286] [28 35] 2
02720422 3 H 30 941 1665 4.6mm 47 48 2256 [129 239 175 286] [27 35] 2
02720422 3 I 29 901 1561 4.6mm 47 48 2256 [129 239 175 286] [26 34] 2
02720422 3 J 29 823 1530 4.6mm 46 48 2208 [129 239 174 286] [28 33] 2
02880023 1 A 18 606 1212 6.0mm 45 48 2160 [315 127 359 174] [17 19] 3
02880023 1 B 18 801 1603 6.0mm 45 47 2115 [315 130 359 176] [17 19] 3
02880023 1 E 61 737 1573 4.6mm 44 45 1980 [289 130 332 174] [58 65] 3
02880023 1 F 61 1385 2770 4.6mm 44 45 1980 [289 130 332 174] [58 65] 3
02880023 1 G 61 1350 2745 4.6mm 44 46 2024 [287 128 330 173] [58 67] 3
02880023 1 H 61 1097 1954 4.6mm 43 44 1892 [290 131 332 174] [57 65] 3
02880023 1 I 61 1240 2103 4.6mm 43 45 1935 [288 130 330 174] [56 64] 3
02880023 1 J 61 1168 1950 4.6mm 43 45 1935 [289 130 331 174] [58 65] 3
03136184 1 A 8 702 1565 6.0mm 34 32 1088 [201 363 234 394] [7 8] 1
03136184 1 B 7 922 1873 6.0mm 35 33 1155 [194 364 228 396] [7 8] 1
03136184 1 C 8 3562 7635 6.0mm 34 33 1122 [199 370 232 402] [7 8] 1
03136184 1 E 29 379 757 4.6mm 32 31 992 [197 352 228 382] [24 31] 1
03136184 1 F 29 1430 2931 4.6mm 34 33 1122 [198 351 231 383] [24 31] 1
03136184 1 G 29 1197 2356 4.6mm 33 33 1089 [199 351 231 383] [23 32] 1
03136184 1 H 25 1134 2172 4.6mm 32 31 992 [199 352 230 382] [20 28] 1
03136184 1 I 27 946 1749 4.6mm 31 30 930 [199 353 229 382] [22 29] 1
03136184 1 J 23 878 1544 4.6mm 32 31 992 [199 352 230 382] [19 26] 1
03374488 1 A 7 574 1149 6.0mm 44 56 2464 [203 185 246 240] [6 8] 2
03374488 1 B 7 825 1666 6.0mm 46 56 2576 [199 185 244 240] [6 8] 2
03374488 1 C 6 1509 2571 6.0mm 45 56 2520 [212 182 256 237] [6 7] 2
03374488 1 E 25 514 841 4.4mm 42 54 2268 [202 194 243 247] [22 29] 2
03374488 1 F 25 1445 2889 4.4mm 44 54 2376 [201 195 244 248] [22 31] 2
03374488 1 G 28 1291 2373 4.4mm 43 53 2279 [202 197 244 249] [20 32] 2
03374488 1 H 25 1449 2617 4.4mm 42 53 2226 [202 193 243 245] [21 29] 2
03374488 1 I 25 1389 2145 4.4mm 42 54 2268 [204 190 245 243] [20 28] 2
03374488 1 J 25 1444 1928 4.4mm 43 54 2322 [204 190 246 243] [20 28] 2
03374488 2 A 11 574 1149 6.0mm 34 36 1224 [239 119 272 154] [11 12] 2
03374488 2 B 11 825 1666 6.0mm 33 37 1221 [231 116 263 152] [11 12] 2
03374488 2 C 2 1509 2571 6.0mm 34 35 1190 [247 112 280 146] [2 2] 2
03374488 2 E 36 1072 2338 4.4mm 33 34 1122 [235 131 267 164] [34 41] 2
03374488 2 F 39 1175 2224 4.4mm 34 34 1156 [235 131 268 164] [39 43] 2
03374488 2 G 39 1389 2145 4.4mm 33 35 1155 [235 131 267 165] [37 43] 2
03374488 2 H 36 1389 2145 4.4mm 33 35 1155 [235 131 267 165] [33 39] 2
03374488 2 I 36 1389 2145 4.4mm 33 34 1122 [235 131 267 164] [34 40] 2
03374488 2 J 36 1444 1928 4.4mm 35 35 1225 [234 131 268 165] [32 39] 2
03872352 1 A 18 574 1148 6.0mm 24 22 528 [261 111 284 132] [17 18] 2
03872352 1 B 18 982 1964 6.0mm 24 23 552 [271 112 294 134] [17 18] 2
03872352 1 D 6 1300 2399 6.0mm 24 24 576 [263 120 286 143] [6 7] 2
03872352 1 E 63 339 1678 4.4mm 24 22 528 [249 125 272 146] [61 65] 2
03872352 1 F 63 339 1678 4.4mm 24 21 504 [249 125 272 145] [61 65] 2
03872352 1 G 63 839 1678 4.4mm 22 20 440 [249 125 270 144] [60 65] 2
03872352 1 H 63 1152 2201 4.4mm 23 21 483 [249 125 271 145] [61 65] 2
03872352 1 I 63 936 1871 4.4mm 23 19 437 [249 126 271 144] [61 65] 2
03872352 1 J 63 917 1875 4.4mm 23 21 483 [249 125 271 145] [61 65] 2
03904525 1 A 6 581 1163 6.0mm 35 38 1330 [231 237 265 274] [5 7] 2
03904525 1 B 6 722 1444 6.0mm 33 37 1221 [232 237 264 273] [5 7] 2
03904525 1 C 7 1779 2713 6.0mm 31 38 1178 [244 238 274 275] [5 7] 2
03904525 1 E 26 661 1321 4.4mm 33 35 1155 [232 245 264 279] [23 30] 2
03904525 1 F 26 661 1321 4.4mm 32 36 1152 [232 243 263 278] [23 30] 2
03904525 1 G 26 661 1321 4.4mm 31 35 1085 [232 245 262 279] [23 29] 2
03904525 1 H 26 661 1321 4.4mm 32 35 1120 [233 243 264 277] [24 29] 2
03904525 1 I 26 661 1321 4.4mm 31 35 1085 [232 244 262 278] [23 29] 2
03904525 1 J 26 836 1001 4.4mm 32 35 1120 [233 244 264 278] [23 29] 2
03929738 1 A 11 470 941 7.6mm 41 35 1435 [244 127 284 161] [11 12] 2
03929738 1 B 12 786 1572 8.0mm 42 37 1554 [248 126 289 162] [11 12] 2
03929738 1 C 2 1300 2399 7.6mm 46 35 1610 [242 128 287 162] [1 2] 2
03929738 1 E 42 952 1899 5.6mm 44 37 1628 [253 115 296 151] [39 46] 2
03929738 1 F 42 952 1899 5.6mm 42 37 1554 [255 116 296 152] [39 46] 2
03929738 1 G 42 952 1899 5.6mm 42 37 1554 [255 116 296 152] [39 46] 2
03929738 1 H 42 952 1899 5.6mm 44 37 1628 [247 114 290 150] [40 46] 2
03929738 1 I 42 952 1899 5.6mm 43 37 1591 [253 114 295 150] [39 45] 2
03929738 1 J 42 743 1319 5.6mm 44 37 1628 [250 115 293 151] [40 47] 2
03929738 2 A 11 470 941 7.6mm 22 22 484 [247 104 268 125] [11 12] 2
03929738 2 B 12 786 1572 8.0mm 23 22 506 [253 104 275 125] [11 12] 2
03929738 2 C 2 1300 2399 7.6mm 23 22 506 [253 104 275 125] [2 2] 2
03929738 2 E 42 882 2050 5.6mm 23 23 529 [258 91 280 113] [39 44] 2
03929738 2 F 42 882 2050 5.6mm 23 23 529 [258 91 280 113] [39 44] 2
03929738 2 G 42 882 2050 5.6mm 23 23 529 [258 91 280 113] [38 44] 2
03929738 2 H 42 882 2050 5.6mm 23 23 529 [258 91 280 113] [40 44] 2
03929738 2 I 42 882 2050 5.6mm 23 23 529 [258 91 280 113] [40 44] 2
03929738 2 J 42 743 1319 5.6mm 23 23 529 [258 91 280 113] [40 44] 2
03930451 1 A 14 753 1815 6.0mm 136 151 20536 [133 78 268 228] [7 18] 3
03930451 1 B 19 810 1541 6.0mm 137 150 20550 [136 95 272 244] [12 23] 3
03930451 1 D 7 1744 2931 6.0mm 137 150 20550 [132 78 268 227] [3 12] 3
03930451 1 E 59 521 1265 4.4mm 132 143 18876 [135 82 266 224] [33 71] 3
03930451 1 F 45 592 1185 4.4mm 130 143 18590 [137 79 266 221] [21 59] 3
03930451 1 G 44 592 1184 4.4mm 130 142 18460 [137 79 266 220] [19 62] 3
03930451 1 H 48 1085 1791 4.4mm 130 142 18460 [137 79 266 220] [26 64] 3
03930451 1 I 47 1133 1992 4.4mm 130 142 18460 [137 79 266 220] [26 63] 3
03930451 1 J 55 1072 1863 4.4mm 131 142 18602 [136 79 266 220] [33 70] 3
03967909 1 A 6 533 1067 6.6mm 78 104 8112 [185 147 262 250] [3 8] 2
03967909 1 B 6 373 1747 6.6mm 79 106 8374 [187 137 265 242] [4 9] 2
03967909 1 C 7 1347 3510 6.6mm 77 104 8008 [188 136 264 239] [5 7] 2
03967909 1 E 20 379 942 4.4mm 76 99 7524 [187 147 262 245] [11 30] 2
03967909 1 F 21 775 1939 4.4mm 74 100 7400 [187 145 260 244] [12 30] 2
03967909 1 G 21 987 1996 4.4mm 76 99 7524 [185 145 260 243] [12 31] 2
03967909 1 H 22 915 1825 4.4mm 75 100 7500 [187 144 261 243] [13 33] 2
03967909 1 I 21 767 1542 4.4mm 76 100 7600 [187 144 262 243] [11 32] 2
03967909 1 J 20 782 1570 4.4mm 75 100 7500 [187 143 261 242] [10 31] 2
04054695 1 A 11 231 563 7.0mm 42 37 1554 [233 108 274 144] [10 13] 3
04054695 1 A 11 231 563 7.0mm 42 37 1554 [233 108 274 144] [10 13] 3
04054695 1 B 10 404 808 7.0mm 50 42 2100 [228 85 277 126] [9 13] 3
04054695 1 B 10 404 808 7.0mm 50 42 2100 [228 85 277 126] [9 12] 3
04054695 1 E 47 425 850 4.4mm 45 38 1710 [231 103 275 140] [37 51] 3
04054695 1 E 47 425 850 4.4mm 45 38 1710 [231 103 275 140] [39 49] 3
04054695 1 G 48 634 1031 4.4mm 45 38 1710 [231 103 275 140] [37 53] 3
04054695 1 G 48 634 1031 4.4mm 45 38 1710 [231 103 275 140] [42 53] 3
04054695 1 H 47 1462 2923 4.4mm 46 38 1748 [233 101 278 138] [38 51] 3
04054695 1 H 47 1462 2923 4.4mm 46 38 1748 [233 101 278 138] [38 50] 3
04054695 1 I 47 1091 2181 4.4mm 44 38 1672 [234 101 277 138] [38 50] 3
04054695 1 I 47 1091 2181 4.4mm 44 38 1672 [234 101 277 138] [38 50] 3
04150722 1 A 9 549 1099 6.0mm 68 70 4760 [179 269 246 338] [8 10] 1
04150722 1 B 9 815 1630 6.0mm 65 68 4420 [178 267 242 334] [8 10] 1
04150722 1 E 28 967 1910 4.4mm 62 67 4154 [175 263 236 329] [24 33] 1
04150722 1 F 28 967 1910 4.4mm 61 67 4087 [179 263 239 329] [25 34] 1
04150722 1 G 28 967 1910 4.4mm 62 65 4030 [183 262 244 326] [24 33] 1
04150722 1 H 28 967 1910 4.4mm 61 65 3965 [183 256 243 320] [24 32] 1
04150722 1 I 28 967 1910 4.4mm 60 65 3900 [180 256 239 320] [24 32] 1
04150722 1 J 28 855 1531 4.4mm 60 65 3900 [180 255 239 319] [22 31] 1
04154248 1 A 6 620 1240 6.0mm 84 73 6132 [153 158 236 230] [3 8] 2
04154248 1 B 6 613 1227 6.0mm 88 78 6864 [149 158 236 235] [3 8] 2
04154248 1 E 20 775 1555 4.4mm 84 71 5964 [155 162 238 232] [8 25] 2
04154248 1 F 20 775 1555 4.4mm 84 71 5964 [155 162 238 232] [10 25] 2
04154248 1 G 20 775 1555 4.4mm 82 70 5740 [155 167 236 236] [7 27] 2
04154248 1 H 20 775 1555 4.4mm 83 71 5893 [152 165 234 235] [7 25] 2
04154248 1 I 20 775 1555 4.4mm 84 71 5964 [151 165 234 235] [7 26] 2
04154248 1 J 23 734 1301 4.4mm 84 71 5964 [151 167 234 237] [7 28] 2
04154248 2 A 9 620 1240 6.0mm 34 36 1224 [220 167 253 202] [9 10] 3
04154248 2 B 9 648 1295 6.0mm 33 36 1188 [220 167 252 202] [9 10] 3
04154248 2 E 29 783 1653 4.4mm 32 36 1152 [221 169 252 204] [26 35] 3
04154248 2 F 29 783 1653 4.4mm 33 36 1188 [221 169 253 204] [26 34] 3
04154248 2 G 29 783 1653 4.4mm 33 36 1188 [221 169 253 204] [26 35] 3
04154248 2 H 29 783 1653 4.4mm 33 35 1155 [222 171 254 205] [27 35] 3
04154248 2 I 29 783 1653 4.4mm 32 35 1120 [221 169 252 203] [28 34] 3
04154248 2 J 32 734 1301 4.4mm 32 35 1120 [221 171 252 205] [30 38] 3
04156573 1 A 10 473 946 6.0mm 76 73 5548 [161 255 236 327] [7 13] 3
04156573 1 B 10 822 1644 6.0mm 75 71 5325 [163 256 237 326] [7 13] 3
04156573 1 E 43 834 1668 4.4mm 77 75 5775 [163 256 239 330] [35 52] 3
04156573 1 F 43 834 1668 4.4mm 77 74 5698 [163 257 239 330] [35 53] 3
04156573 1 G 43 834 1668 4.4mm 77 75 5775 [163 256 239 330] [35 53] 3
04156573 1 H 43 334 1668 4.4mm 77 75 5775 [163 256 239 330] [35 53] 3
04156573 1 I 43 834 1668 4.4mm 77 75 5775 [163 256 239 330] [33 53] 3
04156573 1 J 43 515 901 4.4mm 76 75 5700 [163 256 238 330] [33 53] 3
04160396 1 A 7 105 244 7.0mm 41 48 1968 [215 105 255 152] [7 8] 2
04160396 1 B 7 267 634 7.0mm 42 48 2016 [210 109 251 156] [7 8] 2
04160396 1 E 23 593 1481 4.4mm 39 44 1716 [226 129 264 172] [19 31] 2
04160396 1 F 25 593 1481 4.4mm 38 44 1672 [219 129 256 172] [21 30] 2
04160396 1 G 23 593 1481 4.4mm 39 43 1677 [220 126 258 168] [18 33] 2
04160396 1 H 22 593 1481 4.4mm 38 44 1672 [219 125 256 168] [18 31] 2
04160396 1 I 23 593 1481 4.4mm 38 44 1672 [220 125 257 168] [18 31] 2
04160396 1 J 24 593 1481 4.4mm 38 44 1672 [219 129 256 172] [18 33] 2
04196999 1 A 12 703 1407 7.8mm 32 34 1088 [280 161 311 194] [11 13] 2
04196999 1 B 12 763 1527 7.8mm 31 33 1023 [280 161 310 193] [11 13] 2
04196999 1 C 1 1274 2419 7.8mm 32 33 1056 [280 162 311 194] [1 1] 2
04196999 1 E 44 751 1624 5.4mm 34 33 1122 [275 171 308 203] [43 51] 2
04196999 1 F 46 827 1551 5.4mm 34 34 1156 [275 171 308 204] [43 51] 2
04196999 1 G 47 827 1551 5.4mm 33 34 1122 [276 171 308 204] [43 51] 2
04196999 1 H 45 827 1551 5.4mm 32 33 1056 [276 171 307 203] [42 49] 2
04196999 1 I 45 827 1551 5.4mm 32 33 1056 [276 171 307 203] [42 48] 2
04196999 1 J 45 802 1652 5.4mm 32 33 1056 [276 171 307 203] [43 49] 2
04245741 1 A 6 525 1050 7.0mm 46 49 2254 [238 130 283 178] [4 7] 2
04245741 1 B 5 662 1325 7.0mm 48 51 2448 [234 130 281 180] [4 7] 2
04245741 1 C 6 1300 2401 7.0mm 48 50 2400 [237 129 284 178] [5 7] 2
04245741 1 E 21 432 812 4.6mm 52 56 2912 [210 102 261 157] [16 29] 2
04245741 1 F 23 452 1102 4.6mm 52 55 2860 [205 102 256 156] [17 31] 2
04245741 1 G 23 692 1378 4.6mm 52 55 2860 [208 102 259 156] [17 32] 2
04245741 1 H 22 1258 2756 4.6mm 51 55 2805 [205 100 255 154] [16 32] 2
04245741 1 I 22 1291 2630 4.6mm 52 55 2860 [205 101 256 155] [16 32] 2
04245741 1 J 20 1115 2258 4.6mm 52 56 2912 [210 102 261 157] [13 29] 2
04875633 1 A 12 609 1218 6.0mm 24 23 552 [192 219 215 241] [12 13] 2
04875633 1 B 12 1028 2056 6.0mm 24 23 552 [192 219 215 241] [12 13] 2
04875633 1 C 1 1300 2399 6.0mm 24 22 528 [191 218 214 239] [1 1] 2
04875633 1 E 43 1282 2564 4.4mm 24 22 528 [172 215 195 236] [41 45] 2
04875633 1 F 43 1282 2564 4.4mm 23 24 552 [174 209 196 232] [40 45] 2
04875633 1 G 43 1282 2564 4.4mm 24 21 504 [173 216 196 236] [40 46] 2
04875633 1 H 43 1282 2564 4.4mm 23 21 483 [173 216 195 236] [40 45] 2
04875633 1 I 43 1282 2564 4.4mm 23 21 483 [173 216 195 236] [40 45] 2
04875633 1 J 43 820 1640 4.4mm 23 21 483 [173 216 195 236] [40 45] 2
04881003 1 A 8 693 1927 6.2mm 42 46 1932 [207 127 248 172] [7 9] 2
04881003 1 B 12 865 1730 6.2mm 40 45 1800 [187 127 226 171] [11 14] 2
04881003 1 C 4 1816 2879 6.2mm 44 46 2024 [209 125 252 170] [4 4] 2
04881003 1 E 46 435 1745 4.4mm 43 49 2107 [168 126 210 174] [43 53] 2
04881003 1 F 56 435 1745 4.4mm 44 48 2112 [155 139 198 186] [51 61] 2
04881003 1 G 56 435 1745 4.4mm 44 48 2112 [155 139 198 186] [51 61] 2
04881003 1 H 51 435 1745 4.4mm 43 49 2107 [157 130 199 178] [46 57] 2
04881003 1 I 39 435 1745 4.4mm 43 49 2107 [183 126 225 174] [34 44] 2
04881003 1 J 41 741 1482 4.4mm 43 48 2064 [180 124 222 171] [36 46] 2
04881647 1 A 4 572 1145 6.4mm 68 74 5032 [244 111 311 184] [2 5] 2
04881647 1 B 7 824 1649 7.0mm 68 73 4964 [247 123 314 195] [4 8] 2
04881647 1 C 3 1831 2537 7.0mm 67 73 4891 [248 122 314 194] [3 5] 2
04881647 1 E 23 865 2056 4.6mm 68 74 5032 [248 111 315 184] [11 29] 2
04881647 1 F 23 999 1998 4.6mm 68 74 5032 [248 111 315 184] [11 29] 2
04881647 1 G 22 999 1998 4.6mm 68 74 5032 [248 111 315 184] [11 29] 2
04881647 1 H 23 999 1998 4.6mm 66 73 4818 [249 111 314 183] [11 29] 2
04881647 1 I 23 1185 2063 4.6mm 68 74 5032 [248 111 315 184] [11 29] 2
04881647 1 J 25 1055 2323 4.6mm 68 74 5032 [248 111 315 184] [15 33] 2
04896314 1 A 5 859 1718 6.0mm 59 63 3717 [247 117 305 179] [3 6] 2
04896314 1 B 7 995 1990 6.0mm 59 64 3776 [247 116 305 179] [4 8] 2
04896314 1 C 8 1300 2399 6.0mm 60 64 3840 [247 116 306 179] [7 9] 2
04896314 1 E 20 905 1811 4.4mm 59 64 3776 [237 107 295 170] [14 26] 2
04896314 1 F 24 905 1811 4.4mm 59 64 3776 [237 107 295 170] [17 29] 2
04896314 1 G 24 905 1811 4.4mm 59 64 3776 [237 107 295 170] [14 28] 2
04896314 1 H 21 942 1979 4.4mm 59 64 3776 [237 107 295 170] [13 25] 2
04896314 1 I 20 942 1979 4.4mm 59 64 3776 [237 107 295 170] [13 25] 2
04896314 1 J 19 807 1401 4.4mm 59 64 3776 [244 107 302 170] [12 23] 2
04917901 1 A 16 398 1348 6.4mm 42 38 1596 [228 63 269 100] [14 17] 2
04917901 1 B 16 838 1842 6.4mm 43 38 1634 [228 63 270 100] [14 17] 2
04917901 1 D 7 1300 2399 6.4mm 43 38 1634 [240 60 282 97] [6 9] 2
04917901 1 E 52 429 1377 4.4mm 40 36 1440 [210 71 249 106] [49 62] 2
04917901 1 F 52 623 1251 4.4mm 42 36 1512 [209 71 250 106] [45 58] 2
04917901 1 G 52 764 1637 4.4mm 42 36 1512 [209 71 250 106] [44 58] 2
04917901 1 H 52 792 1581 4.4mm 42 36 1512 [209 71 250 106] [46 59] 2
04917901 1 I 52 703 1438 4.4mm 41 36 1476 [210 71 250 106] [46 59] 2
04917901 1 J 52 650 1240 4.4mm 41 36 1476 [210 71 250 106] [46 59] 2
07998836 1 A 20 680 1360 6.0mm 18 20 360 [243 125 260 144] [19 20] 1
07998836 1 B 21 729 1459 6.0mm 18 17 306 [235 131 252 147] [21 21] 1
07998836 1 D 2 1300 2399 6.0mm 17 18 306 [231 134 247 151] [2 2] 1
07998836 1 E 67 950 3105 4.4mm 17 17 289 [247 122 263 138] [64 69] 1
07998836 1 F 67 1039 3234 4.4mm 17 18 306 [249 121 265 138] [65 68] 1
07998836 1 G 67 969 3146 4.4mm 17 17 289 [250 120 266 136] [64 68] 1
07998836 1 H 67 969 3196 4.4mm 17 17 289 [249 123 265 139] [64 70] 1
07998836 1 I 67 990 3203 4.4mm 18 17 306 [250 123 267 139] [65 69] 1
07998836 1 J 66 828 2909 4.4mm 17 17 289 [249 123 265 139] [64 68] 1
08149829 1 A 6 636 1270 9.0mm 143 133 19019 [238 79 380 211] [2 8] 2
08149829 1 B 6 658 1317 9.0mm 142 132 18744 [239 79 380 210] [2 8] 2
08149829 1 C 5 1300 2400 9.0mm 142 131 18602 [239 79 380 209] [5 11] 2
08149829 1 E 23 299 596 5.8mm 135 125 16875 [238 95 372 219] [9 30] 2
08149829 1 F 24 443 860 5.8mm 134 125 16750 [237 96 370 220] [8 30] 2
08149829 1 G 22 582 1345 5.8mm 135 125 16875 [238 94 372 218] [8 29] 2
08149829 1 H 26 696 1179 5.8mm 135 125 16875 [237 95 371 219] [8 30] 2
08149829 1 I 26 554 981 5.8mm 136 124 16864 [237 95 372 218] [10 31] 2
08149829 1 J 25 581 829 5.8mm 136 125 17000 [237 95 372 219] [9 30] 2
13173262 1 A 9 858 1649 6.0mm 84 89 7476 [275 120 358 208] [6 12] 2
13173262 1 B 32 1775 3372 4.0mm 86 91 7826 [274 118 359 208] [21 41] 2
13173262 1 C 9 1300 2400 6.0mm 85 88 7480 [274 119 358 206] [7 12] 2
13173262 1 E 31 812 1267 4.0mm 84 89 7476 [276 120 359 208] [20 41] 2
13173262 1 F 36 1617 3063 4.0mm 84 88 7392 [275 120 358 207] [22 47] 2
13173262 1 G 34 2320 5011 4.0mm 86 90 7740 [274 119 359 208] [22 46] 2
13173262 1 H 32 2627 3756 4.0mm 85 90 7650 [277 123 361 212] [17 42] 2
13173262 1 I 32 3533 5748 4.0mm 85 90 7650 [277 121 361 210] [19 44] 2
13173262 1 J 31 1985 3841 4.0mm 84 88 7392 [280 126 363 213] [17 42] 2
13195865 1 A 7 620 1324 6.0mm 40 39 1560 [193 224 232 262] [6 7] 2
13195865 1 B 7 851 1702 6.0mm 39 38 1482 [194 228 232 265] [6 7] 2
13195865 1 C 7 4499 9646 6.0mm 39 38 1482 [194 228 232 265] [7 8] 2
13195865 1 E 25 522 1253 4.4mm 39 38 1482 [178 231 216 268] [23 31] 2
13195865 1 F 25 620 1307 4.4mm 39 38 1482 [178 231 216 268] [23 31] 2
13195865 1 G 25 958 1954 4.4mm 39 38 1482 [178 231 216 268] [22 30] 2
13195865 1 H 25 996 2412 4.4mm 38 36 1368 [179 232 216 267] [22 30] 2
13195865 1 I 24 829 1993 4.4mm 39 38 1482 [178 231 216 268] [21 29] 2
13195865 1 J 23 723 1425 4.4mm 39 38 1482 [178 231 216 268] [21 28] 2
13198521 1 A 9 589 1418 6.5mm 79 73 5767 [252 163 330 235] [7 12] 2
13198521 1 B 9 914 1829 6.5mm 78 73 5694 [252 163 329 235] [7 12] 2
13198521 1 C 5 1300 2400 6.5mm 79 73 5767 [252 163 330 235] [2 7] 2
13198521 1 E 35 386 773 4.4mm 84 77 6468 [251 164 334 240] [25 44] 2
13198521 1 F 35 386 773 4.4mm 84 77 6468 [251 164 334 240] [26 45] 2
13198521 1 G 33 1068 2637 4.4mm 84 77 6468 [251 164 334 240] [24 45] 2
13198521 1 H 34 1484 3132 4.4mm 84 78 6552 [251 164 334 241] [24 45] 2
13198521 1 I 34 1164 2327 4.4mm 84 78 6552 [251 164 334 241] [23 44] 2
13198521 1 J 34 1162 2241 4.4mm 84 78 6552 [251 164 334 241] [22 44] 2
13202169 1 A 11 761 1524 6.0mm 40 42 1680 [244 174 283 215] [10 12] 2
13202169 1 B 46 1092 2185 3.6mm 43 45 1935 [247 167 289 211] [40 51] 2
13202169 1 C 11 1300 2400 6.0mm 40 42 1680 [244 174 283 215] [10 12] 2
13202169 1 E 42 519 1618 3.8mm 42 45 1890 [248 171 289 215] [37 47] 2
13202169 1 F 44 1089 3206 3.8mm 42 45 1890 [248 171 289 215] [37 48] 2
13202169 1 G 45 907 2030 3.8mm 42 44 1848 [247 169 288 212] [38 49] 2
13202169 1 H 42 907 1838 3.8mm 42 45 1890 [248 171 289 215] [36 47] 2
13202169 1 I 41 937 2011 3.8mm 42 45 1890 [248 171 289 215] [34 47] 2
13202169 1 J 41 757 2089 3.8mm 42 45 1890 [248 171 289 215] [34 47] 2
13212676 1 A 5 937 1876 6.0mm 84 83 6972 [199 124 282 206] [3 7] 2
13212676 1 B 4 1000 1715 6.0mm 83 81 6723 [199 125 281 205] [1 6] 2
13212676 1 C 9 1323 2235 6.0mm 82 81 6642 [200 125 281 205] [7 10] 2
13212676 1 E 18 586 1170 4.4mm 79 80 6320 [193 119 271 198] [10 24] 2
13212676 1 F 21 586 1170 4.4mm 79 80 6320 [189 119 267 198] [12 28] 2
13212676 1 G 21 884 1897 4.4mm 80 80 6400 [191 121 270 200] [12 29] 2
13212676 1 H 16 1556 3322 4.4mm 80 80 6400 [192 119 271 198] [7 24] 2
13212676 1 I 18 1113 2001 4.4mm 79 80 6320 [193 119 271 198] [8 24] 2
13212676 1 J 18 1071 1767 4.4mm 80 80 6400 [192 119 271 198] [8 25] 2
13213503 1 A 8 787 1403 6.0mm 90 73 6570 [215 82 304 154] [5 10] 3
13213503 1 B 9 844 1689 6.0mm 89 73 6497 [215 82 303 154] [6 11] 3
13213503 1 E 32 459 892 4.4mm 87 67 5829 [225 93 311 159] [23 38] 3
13213503 1 F 33 510 879 4.4mm 85 68 5780 [226 92 310 159] [22 38] 3
13213503 1 G 33 713 1309 4.4mm 86 69 5934 [223 92 308 160] [22 38] 3
13213503 1 H 32 836 1627 4.4mm 87 68 5916 [225 92 311 159] [22 39] 3
13213503 1 I 32 817 1533 4.4mm 87 68 5916 [225 92 311 159] [22 39] 3
13213503 1 J 31 896 1564 4.4mm 87 67 5829 [225 93 311 159] [20 39] 3
13244170 1 A 10 1006 2012 6.0mm 52 47 2444 [179 253 230 299] [9 11] 2
13244170 1 B 39 2054 2699 4.0mm 48 46 2208 [183 251 230 296] [38 42] 2
13244170 1 C 10 1431 2603 6.0mm 51 47 2397 [177 252 227 298] [10 10] 2
13244170 1 E 37 908 1414 4.0mm 48 44 2112 [181 247 228 290] [33 43] 2
13244170 1 F 35 1044 1350 4.0mm 49 44 2156 [182 252 230 295] [32 41] 2
13244170 1 G 35 1778 3458 4.0mm 49 45 2205 [182 251 230 295] [32 42] 2
13244170 1 H 34 1795 3544 4.0mm 48 45 2160 [183 251 230 295] [28 37] 2
13244170 1 I 33 2207 3882 4.0mm 48 46 2208 [183 251 230 296] [28 36] 2
13244170 1 J 33 2280 3747 4.0mm 48 46 2208 [183 251 230 296] [29 37] 2
13292381 1 A 5 726 1444 6.0mm 46 53 2438 [291 104 336 156] [4 6] 2
13292381 1 B 6 1300 2714 7.2mm 45 51 2295 [295 121 339 171] [5 7] 2
13292381 1 C 7 1300 2400 6.0mm 44 51 2244 [288 95 331 145] [6 7] 2
13292381 1 E 19 611 1005 4.0mm 44 51 2244 [295 121 338 171] [14 23] 2
13292381 1 F 19 1246 2322 4.0mm 45 52 2340 [295 121 339 172] [14 22] 2
13292381 1 G 19 1326 2651 4.0mm 44 52 2288 [295 121 338 172] [11 25] 2
13292381 1 H 19 1103 2207 4.0mm 45 51 2295 [295 121 339 171] [12 24] 2
13292381 1 I 19 1047 2095 4.0mm 45 52 2340 [295 121 339 172] [14 25] 2
13292381 1 J 19 1073 2059 4.0mm 45 52 2340 [295 121 339 172] [15 26] 2
